$ANSIBLE_VAULT;1.1;AES256
32306266336434626333323030666330656131643366643738376439363438323866373830333364
6639643734336437356133326532356662313466626631630a306162376135353766343232323035
35313664313965363733316566666264623861663133633261346131653630316332626235323939
3133646466653966390a356637366633656165613065363965623935393636396336666137613161
30353536396236643066616637653930643531646230653865643666643231323463616335636231
66653663343239396230663661626232633133633865333130653363303262643362613766333936
32373463396236313934343936663566333463303736303931306166386436653831303737333434
35653236316135666632373564376231663465313166386365633365626362373261666365613537
66656630343638643866653130333766613131316663326664346166363032303132396138646531
65356637343864363031326439343966303263373339323261656639613762643166636632613635
35666365646233363031303937613362376636626664613733653935613835623563316331613536
63343034623339373566303532343965666437626330636661363938656334326239626135623965
64343738373530623161346335646363653439643066316136313735316362356136316264663739
33616334393162383638343165613136636533373637623064653839663831343737343638663637
62303362396263323932616564323631383431383638313263623939653731376636623562653839
38663434313666336339363864336662363063643034356339616362636539643265333432373730
62636562366339373965333064313633643331346533333261663736346364653635313639363935
36663366386664343362343836313438666636376234303434653237396261343939613237653762
30376239363030663061386466363533656661376136353239316130363130353137363664653661
64666662616461643531396134313663613261653531393361663837616335313635393965656533
31323131393136383134356233323939316239363730306466343231633935643965343434613563
64326665323166393961623039666337373936316562663237653465363135333138363230396230
34636533643834383765323933626264306339613833613534646636356133663939386538663162
63306435643764373562373436373261646266396164343865373435353533383565616635623765
32346134306431393732366665396638323163656236643234623234623435383638343361396362
61373338636536646666343438663766393334653663373136666235663861623361313863393963
36396264616236303333316432396139303433303533643036353066323337313332343034623164
30323131313932386435356133393830623333383636343733383836653561366631616561363436
30363265323366373135663062636366336137666237303735393863313263366535623237653266
30323536316362306538613638323538636531633764353061353434363830643866626539306562
35363837636563643039333861346231663231326436646135393132363762643163313236333638
39396664663462313865323361663765636635636133376438373233316637636237303161353233
64343665373737363533393938646263356366653832653335633566333538646636646463613630
38663231313965666433623435613339633634313764333933313563643130646463333234656633
37613265653061616463326338643335356264666434323963643036306634653330333737373863
34356337393162653237623764653861363033323064376161386531363536376330353332393334
66386432343135613735333831663430613338303862363434633231313237313166386432333337
35303931346265303337303764646564656539323034633239346663653338366431633532313763
63383661363961613332366365386332303532616135343061643537333031373165316637633061
62616237353865616466353033643362336532303034316163653930666565396364343933366133
38356264393831366331666635613130636536353037623566306533653331366238333336386265
36303662613934633132613862373539313862326664653631663835343539383561373062353337
61666235323961303139313531376466633939386230313432356330306630373464363137343063
30373161616336383266636637336436643335323733653364366462633066376366653563366530
38336337616466663638386532353038363566326336623534383830623534386235356264626137
64623335656138326237316136643338323762643931663837396132646461656333353937373135
61346238303939616264643364623034616335316433656536643561383636613362653961623035
65383632643136663634663539623361333833323265643231363037663865386265373736613336
39666233303565356133366433306630663333393633646232333130623735333366333663333462
36353737313335666262343030386164663439303536346538336534616261666335623064313237
37363436353762306131313239393230613234633239313864626632396132656434623330353537
64636238636266316261613237386339653039663364383732636136646566613964323134633030
65356434316661613434343035326133353930656164616162323433653066613239393466663531
36356666373135376631376630333130356631326136326263346437653537383030343664653731
38363131383933303230393136303130346565376330636135376133323635386330306338656630
33663238636539623536626432346634366239326631316334646663346334386535333336316164
38663934353639366261623837353930666666616163633238393763623337396635646262313631
34376262353663323564613935386531653862353636343033653966353236363664613965646233
37326164623330636262363238656632313538636430633539616238333465613936346265613930
64396630633930653131616539393935336130346337636664396234303965333130626335333830
64623962336663383937386434626464373833343462646234386662346365633162613438646138
35666237316439623265666365626333656632616132396332613537313436306465623434636261
66656662393733613465663061626466316136313530386262363736636165336663626564366538
31666337653834326134663535303961663232636132386161626638646438333235316135636561
63653231613631333630316366373732663265663632383239663531363964666131376162373034
36633631613961653466316333653337303966373035306437326434333535366430633232363136
36353764393539623036383739376437343935343364626234633333373965333138643038653839
38323736333966633735333534303531643935383763393364646162333364666538366232323339
61626337326233623038656561373434623734623663333238623366383439383563613134303733
37643466643065656334616131333038333938383063613132333533623530366231613065636239
39303831616136346466633964313632396534313064363362663735643535623138323236333031
33613765656265346364336166303630363862336337643838306139393930313337363464323963
65336163636262353536626464383736356562663139366335666538373237633238626661643132
61343434343363326636633532623965356433303232376338313635316239393130333166656335
39623535396266393765626432366636383664353431656434363337396234636631336334373266
63633936306137663466306133363332616261646636353361326333353639396162353463643064
34623934343431656262363932393062373662356637316132323366316465373265646665306632
32343333653361623162623562303861323764333835306663616331383163383665666561633239
66343735376662626635386631616634333762623265623736613536373266626438643066336136
66653536646265393538623632393736333237333533343536336434393336613461613565646330
66633662306665643735363761343833633366623263666162323164306439633537373334356236
35373661616463326434343361323038393139633063626136346533376462636463353535393336
37326632623035383834353465343964373634313338313634363937333137653839626532336162
36383638613436666233326434313332643332353934393064373936653834303736643338376130
31363938623335363431383138643336663537323031396634616236636238303062653831306563
65636366353964333332376263623339343936323331366266646535623533373235323035333237
66346363363066343236303663333834613638336366623536633137653239343534653262383235
61336338313830313031646433613335323037386131336539643235373439396633326462393038
37353966336234663036643838313535366331653463396436636565386233666438386163363566
35343730323530306163383262393966343765393533313133656530386261396664353437646665
38346436663938656136663030313834396231333561663639663531356637636363393763306139
65343234316166326533666438613931653866656330616366623337666463383631626462363166
33613834393564653235336536666337653861306461386233346565393536383637333432333763
35356133306463626566393933346335643262623264623139393934656638363238653563363632
32303435646235663632653637656332373431326133316232613139353566616166386261376337
33346666346563656461666566616537313333353834613331633364363963383233666132653530
66393830386636373036666138656135376633346130653534636331363832623036643933343361
38343135326532656439393734386331343464376536623762366136623964613238333731396531
30363930653232643038373361643133336231376439626361643038626363323830666435316536
39346331623163316165313235666532303237393235326538356466656631633233386437303662
34653662373261316463346531383032623434376638666335623831646363393237393336653961
32396666616165303639336564666435666166356563383635346361353164653631666332633835
64633135373038643361363330386536393761663765363833396564623431363864333665323064
65656264643330386439656438333564313562303737613833313132356363326639636531326333
38663938626463363364653366383534313866303334356234383232323135323765336266663037
32656434303937336537313261323466633034303966353530653339383163373738373266396333
33636239663438626433636136643134303463356137383666393462313662663637623930663537
64663232323261643431346163366337313461666633343630613562623430326261326664333666
31343432666233626535333030353932393336393466383332396639653939373737656235363632
64616133613039636630613334616364613738373562356539303039656330303464643966666266
32623030646235356432333837323439343862663239613734616666353762343436313335356334
62626230363431613966633130363437643562363163303537393634333833386630336465623163
65633838393762373065313861346162343863326239663364376565346162646462386664333039
31613038353637653366656263346361393838313632366637666636353665656430383338306434
38306665633034656164623935623339343938656538623238383631336231363166323539383361
33333563646132393737346462353437623534323763663331633237636634363066366162363730
34663037393032633136373864623261623265303432653233653932666137393036393964626633
62303434306237643664333164616439636263653532343434303532323263623934326565306637
31313564383633643263653235643833643738383464393230373336366262396331366439623239
65343836613035333735656261336338363034663532396363346639323666653764613031336337
3366
